0.0 0.1639344262292786
0.010101010101010102 0.15782696434468926
0.020202020202020204 0.15181815363894446
0.030303030303030304 0.145908210642111
0.04040404040404041 0.1400972995836997
0.05050505050505051 0.1343855294238224
0.06060606060606061 0.12877295097276845
0.07070707070707072 0.12325955379040748
0.08080808080808081 0.11784526293251474
0.09090909090909091 0.11252993570509329
0.10101010101010102 0.10731335815030442
0.11111111111111112 0.10219524154549654
0.12121212121212122 0.09717521867182231
0.13131313131313133 0.09225284002935856
0.14141414141414144 0.08742756990858205
0.15151515151515152 0.08269878223270148
0.16161616161616163 0.0780657569194657
0.17171717171717174 0.07352767456391861
0.18181818181818182 0.06908361308783521
0.19191919191919193 0.0647325427487909
0.20202020202020204 0.0604733216219724
0.21212121212121213 0.056304690982299094
0.22222222222222224 0.05222527049548036
0.23232323232323235 0.04823355344838974
0.24242424242424243 0.044327901862403665
0.25252525252525254 0.0405065415957451
0.26262626262626265 0.03676755742641221
0.27272727272727276 0.03310888803139804
0.2828282828282829 0.029528321600262267
0.29292929292929293 0.026023490162355997
0.30303030303030304 0.02259186545909199
0.31313131313131315 0.01923075413042147
0.32323232323232326 0.015937293808878913
0.33333333333333337 0.012708447567402253
0.3434343434343435 0.009541001288031158
0.3535353535353536 0.006431559275601406
0.37373737373737376 0.0
