0.0 0.09999999999916959
0.010101010101010102 0.0991902834008097
0.020202020202020204 0.09837728194379602
0.030303030303030304 0.09756097560975568
0.04040404040404041 0.0967413441031446
0.05050505050505051 0.0959183673466669
0.06060606060606061 0.09509202453965578
0.07070707070707072 0.09426229508054029
0.08080808080808081 0.09342915810489194
0.09090909090909091 0.09259259259257636
0.10101010101010102 0.09175257731958653
0.11111111111111112 0.09090909090909091
0.12121212121212122 0.09006211180124224
0.13131313131313133 0.08921161825624943
0.14141414141414144 0.08835758835681659
0.15151515151515152 0.08749999990249452
0.16161616161616163 0.08663883089770355
0.17171717171717174 0.0857740584159966
0.18181818181818182 0.08490566037576329
0.19191919191919193 0.08403361344537817
0.20202020202020204 0.08315789467440216
0.21212121212121213 0.08227848101226877
0.22222222222222224 0.08139534883649074
0.23232323232323235 0.0805084745762441
0.24242424242424243 0.07961783439280992
0.25252525252525254 0.07872340424804394
0.26262626262626265 0.0778251599146335
0.27272727272727276 0.07692307688847169
0.2828282828282829 0.07601713062092874
0.29292929292929293 0.07510729613733336
0.30303030303030304 0.07419354789103191
0.31313131313131315 0.07327586206891024
0.32323232323232326 0.07235421166169852
0.33333333333333337 0.0714285714285244
0.3434343434343435 0.07049891539125092
0.3535353535353536 0.06956521734949143
0.36363636363636365 0.06862744985491584
0.37373737373737376 0.06768558951963682
0.38383838383838387 0.06673960612686144
0.393939393939394 0.06578947368421002
0.4040404040404041 0.06483516483498755
0.4141414141414142 0.06387665198237891
0.42424242424242425 0.06291390728476788
0.43434343434343436 0.061946902654867256
0.4444444444444445 0.06097560975609218
0.4545454545454546 0.0599999999982983
0.4646464646464647 0.05902004454342895
0.4747474747474748 0.058035714285707626
0.48484848484848486 0.057046979865771806
0.494949494949495 0.05605381102831063
0.5050505050505051 0.05505617945735244
0.5151515151515152 0.054054053896344434
0.5252525252525253 0.053047404062397614
0.5353535353535354 0.05203619909477143
0.5454545454545455 0.051020408162714144
0.5555555555555556 0.049999999999977354
0.5656565656565657 0.048974942980075896
0.5757575757575758 0.04794520547935945
0.5858585858585859 0.04691075514868413
0.595959595959596 0.04587155963028734
0.6060606060606061 0.04482758619037058
0.6161616161616162 0.043778801843317935
0.6262626262626263 0.04272517320599262
0.6363636363636365 0.04166666666634415
0.6464646464646465 0.04060324825955542
0.6565656565656566 0.03953488282557033
0.6666666666666667 0.03846153846153845
0.6767676767676768 0.03738317745643697
0.686868686868687 0.036299765807962334
0.696969696969697 0.035211267605633714
0.7070707070707072 0.03411764705442021
0.7171717171717172 0.033018867080362724
0.7272727272727273 0.031914893613743195
0.7373737373737375 0.030805687203788533
0.7474747474747475 0.0296912113980714
0.7575757575757577 0.028571428569906736
0.7676767676767677 0.02744630064530728
0.7777777777777778 0.026315789473684195
0.787878787878788 0.025179816839276503
0.797979797979798 0.024038461504850405
0.8080808080808082 0.022891566071593823
0.8181818181818182 0.021739130429262787
0.8282828282828284 0.02058111378988737
0.8383838383838385 0.0194174743333083
0.8484848484848485 0.018248175181520835
0.8585858585858587 0.01707317073170666
0.8686868686868687 0.01589242053789731
0.8787878787878789 0.01470588227892861
0.888888888888889 0.013513513508996555
0.8989898989898991 0.012315233133629387
0.9090909090909092 0.011111111109448884
0.9191919191919192 0.009900990099000804
0.9292929292929294 0.008684863521211384
0.9393939393939394 0.007462686567161186
0.9494949494949496 0.006234413956848506
0.9595959595959597 0.0049999984185712405
0.9696969696969697 0.003759398494936647
0.9797979797979799 0.002512559346572691
0.98989898989899 0.0012593723433352772
1.0 3.925231146709438e-17

