0.0 0.16393442622862076
0.010101010101010102 0.16378436596468782
0.020202020202020204 0.1636271793110241
0.030303030303030304 0.16346256133982623
0.04040404040404041 0.1632902132860295
0.05050505050505051 0.16310981162084467
0.06060606060606061 0.16292102884233664
0.07070707070707072 0.16272352300034465
0.08080808080808081 0.1625169401836985
0.09090909090909091 0.16230091355709203
0.10101010101010102 0.1620750631405934
0.11111111111111112 0.16183899522222175
0.12121212121212122 0.16159230212072995
0.13131313131313133 0.1613345616353915
0.14141414141414144 0.1610653366300747
0.15151515151515152 0.1607841745882481
0.16161616161616163 0.16049060714356544
0.17171717171717174 0.160184149583374
0.18181818181818182 0.15986430039314392
0.19191919191919193 0.15953054079186973
0.20202020202020204 0.1591823341457318
0.21212121212121213 0.1588191255563113
0.22222222222222224 0.15844034130169807
0.23232323232323235 0.15804538832755088
0.24242424242424243 0.15763365370052812
0.25252525252525254 0.15720450419224452
0.26262626262626265 0.15675728551886292
0.27272727272727276 0.1562913220447913
0.2828282828282829 0.15580591609915978
0.29292929292929293 0.15530034752237648
0.30303030303030304 0.15477387303494577
0.31313131313131315 0.15422572580488253
0.32323232323232326 0.1536551148363804
0.33333333333333337 0.15306122448857684
0.3434343434343435 0.15244321393784788
0.3535353535353536 0.15180021653987663
0.36363636363636365 0.15113134002434092
0.37373737373737376 0.15043566459107222
0.38383838383838387 0.1497122438794372
0.393939393939394 0.14896010380659436
0.4040404040404041 0.14817824226864834
0.4141414141414142 0.14736562873766498
0.42424242424242425 0.1465212039446565
0.43434343434343436 0.1456438794446281
0.4444444444444445 0.1447325374039203
0.4545454545454546 0.1437860302989466
0.4646464646464647 0.1428031807022884
0.4747474747474748 0.14178278114823134
0.48484848484848486 0.14072359396872514
0.494949494949495 0.13962435118886307
0.5050505050505051 0.13848375509622995
0.5151515151515152 0.13730047710503213
0.5252525252525253 0.13607315945765647
0.5353535353535354 0.13480041406406684
0.5454545454545455 0.13348082419261623
0.5555555555555556 0.1321129436144488
0.5656565656565657 0.13069529812696223
0.5757575757575758 0.12922638582144635
0.5858585858585859 0.12770467794045737
0.595959595959596 0.1261286198082847
0.6060606060606061 0.12449663190987971
0.6161616161616162 0.12280711109708504
0.6262626262626263 0.12105843181773958
0.6363636363636365 0.11924894843914116
0.6464646464646465 0.11737699540440298
0.6565656565656566 0.11544089069254156
0.6666666666666667 0.11343893714833408
0.6767676767676768 0.1113694249319143
0.686868686868687 0.10923063405284256
0.696969696969697 0.10702083706552565
0.7070707070707072 0.10473830208834153
0.7171717171717172 0.10238129594297908
0.7272727272727273 0.09994808769152416
0.7373737373737375 0.09743695221154519
0.7474747474747475 0.09484617425633626
0.7575757575757577 0.09217405246273905
0.7676767676767677 0.0894189045981866
0.7777777777777778 0.08657907085874839
0.787878787878788 0.0836529202270531
0.797979797979798 0.08063885519495212
0.8080808080808082 0.07753531735736621
0.8181818181818182 0.07434079326368445
0.8282828282828284 0.07105382045720368
0.8383838383838385 0.06767299382614322
0.8484848484848485 0.06419697195845811
0.8585858585858587 0.0606244826685875
0.8686868686868687 0.05695433895389407
0.8787878787878789 0.0531854264513177
0.888888888888889 0.04931673141769605
0.8989898989898991 0.04534733763176908
0.9090909090909092 0.0412764360367493
0.9191919191919192 0.037103331288463846
0.9292929292929294 0.032827456286379474
0.9393939393939394 0.028448365713012895
0.9494949494949496 0.023965758728007464
0.9595959595959597 0.019379477977408816
0.9696969696969697 0.014689520027900556
0.9797979797979799 0.009896041975547137
0.98989898989899 0.004999358093091266
1.0 7.850462293418876e-17
