0.0 0.09999999999728054
0.010101010101010102 0.09860385470799538
0.020202020202020204 0.09724285516750161
0.030303030303030304 0.09591577635686839
0.04040404040404041 0.09462144344058356
0.05050505050505051 0.09335873490940859
0.06060606060606061 0.09212657685837719
0.07070707070707072 0.09092394125528763
0.08080808080808081 0.08974984350226672
0.09090909090909091 0.08860333914824524
0.10101010101010102 0.08748352749451857
0.11111111111111112 0.0863895383158246
0.12121212121212122 0.08532054129334543
0.13131313131313133 0.08427573869923344
0.14141414141414144 0.08325436501280048
0.15151515151515152 0.08225568506083544
0.16161616161616163 0.08127899273544432
0.17171717171717174 0.08032360975008429
0.18181818181818182 0.07938888416219829
0.19191919191919193 0.07847418918002891
0.20202020202020204 0.07757892214525053
0.21212121212121213 0.0767025030634946
0.22222222222222224 0.07584437418255073
0.23232323232323235 0.07500399569923275
0.24242424242424243 0.07418085806972954
0.25252525252525254 0.0733744558005681
0.26262626262626265 0.07258431140015584
0.27272727272727276 0.07180996250167539
0.2828282828282829 0.07105096331486971
0.29292929292929293 0.07030688403933902
0.30303030303030304 0.06957731009882867
0.31313131313131315 0.06886184155222365
0.32323232323232326 0.06816009245555563
0.33333333333333337 0.06747169026005324
0.3434343434343435 0.06679627526741444
0.3535353535353536 0.06613350012442783
0.36363636363636365 0.06548302924572272
0.37373737373737376 0.06484453839868791
0.38383838383838387 0.06421771423921965
0.393939393939394 0.06360225382873219
0.4040404040404041 0.06299786423781079
0.4141414141414142 0.062404262191653716
0.42424242424242425 0.06182117354076022
0.43434343434343436 0.06124833333756824
0.4444444444444445 0.06068548469369289
0.4545454545454546 0.06013237924759876
0.4646464646464647 0.059588776234502205
0.4747474747474748 0.059054443231043155
0.48484848484848486 0.05852915399490486
0.494949494949495 0.05801269004626032
0.5050505050505051 0.05750483947476738
0.5151515151515152 0.05700539688173921
0.5252525252525253 0.05651416305822987
0.5353535353535354 0.0560309450832545
0.5454545454545455 0.055555555555199726
0.5555555555555556 0.055087812765074184
0.5656565656565657 0.054627540464588994
0.5757575757575758 0.05417456757640979
0.5858585858585859 0.05372872804985898
0.595959595959596 0.05328986058752397
0.6060606060606061 0.05285780892349504
0.6161616161616162 0.052432420765892454
0.6262626262626263 0.05201354852251466
0.6363636363636365 0.05160104859765354
0.6464646464646465 0.05119478196474804
0.6565656565656566 0.050794612727355117
0.6666666666666667 0.050400409345970766
0.6767676767676768 0.05001204372745475
0.686868686868687 0.049629391367723055
0.696969696969697 0.049252331165634024
0.7070707070707072 0.04888074532532412
0.7171717171717172 0.04851451923205844
0.7272727272727273 0.04815354139763334
0.7373737373737375 0.04779770325483352
0.7474747474747475 0.04744689912266417
0.7575757575757577 0.047101026413173264
0.7676767676767677 0.046759984719891366
0.7777777777777778 0.04642367660645993
0.787878787878788 0.046092007169414334
0.797979797979798 0.045764883840815986
0.8080808080808082 0.04544221540358052
0.8181818181818182 0.04512391732578352
0.8282828282828284 0.044809900730424866
0.8383838383838385 0.04450008328957965
0.8484848484848485 0.04419438367923537
0.8585858585858587 0.043892722609941065
0.8686868686868687 0.0435950227570344
0.8787878787878789 0.04330120874520155
0.888888888888889 0.04301120700034401
0.8989898989898991 0.04272494578660815
0.9090909090909092 0.0424423496839105
0.9191919191919192 0.04216336664860545
0.9292929292929294 0.041887913755322886
0.9393939393939394 0.04161593138016163
0.9494949494949496 0.04134735599659324
0.9595959595959597 0.041082125600240944
0.9696969696969697 0.04082017965091944
0.9797979797979799 0.040561459021808674
0.98989898989899 0.040305887137466904
1.0 0.0
