0.0 0.099999999999999
0.010101010101010102 0.09756920999324784
0.020202020202020204 0.0951252538913472
0.030303030303030304 0.09266802431773744
0.04040404040404041 0.09019741320626205
0.05050505050505051 0.08771331058020479
0.06060606060606061 0.08521560574911158
0.07070707070707072 0.0827041866847541
0.08080808080808081 0.08017894012388153
0.09090909090909091 0.07763975155278402
0.10101010101010102 0.0750865051896997
0.11111111111111112 0.07251908390381707
0.12121212121212122 0.06993736939865106
0.13131313131313133 0.06734124213123993
0.14141414141414144 0.06473058082574043
0.15151515151515152 0.062105263155579286
0.16161616161616163 0.059465165376440234
0.17171717171717174 0.056810162314723266
0.18181818181818182 0.054140127353405704
0.19191919191919193 0.05145493211926876
0.20202020202020204 0.04875444839806349
0.21212121212121213 0.04603854389682584
0.22222222222222224 0.043307086611719794
0.23232323232323235 0.04055994256991423
0.24242424242424243 0.03779697624144215
0.25252525252525254 0.03501805047861397
0.26262626262626265 0.03222302281025252
0.27272727272727276 0.029411764705589594
0.2828282828282829 0.02658412235973954
0.29292929292929293 0.023739956172388596
0.30303030303030304 0.02087912087912089
0.31313131313131315 0.018001469507690458
0.32323232323232326 0.015106853315014344
0.33333333333333337 0.01219512195079982
0.3434343434343435 0.00926612305410394
0.3535353535353536 0.006319702602230498
0.36363636363636365 0.0033557044722835883
0.37373737373737376 0.0
