0.0 0.5
0.010101010101010102 0.49246231155778897
0.020202020202020204 0.4849999999999999
0.030303030303030304 0.47761194029850773
0.04040404040404041 0.4702970297029704
0.05050505050505051 0.4630541871921182
0.06060606060606061 0.4558823529411764
0.07070707070707072 0.44878048780487806
0.08080808080808081 0.44174757281553395
0.09090909090909091 0.4347826086956524
0.10101010101010102 0.42788461538461536
0.11111111111111112 0.42105263157894723
0.12121212121212122 0.41428571428571437
0.13131313131313133 0.4075829383886256
0.14141414141414144 0.40094339622641506
0.15151515151515152 0.3943661971830986
0.16161616161616163 0.3878504672897196
0.17171717171717174 0.3813953488372095
0.18181818181818182 0.37500000000000006
0.19191919191919193 0.36866359447004615
0.20202020202020204 0.3623853211009175
0.21212121212121213 0.35616438356164376
0.22222222222222224 0.3500000000000001
0.23232323232323235 0.3438914027149321
0.24242424242424243 0.33783783783783783
0.25252525252525254 0.3318385650224215
0.26262626262626265 0.32589285714285715
0.27272727272727276 0.32000000000000006
0.2828282828282829 0.31415929203539816
0.29292929292929293 0.3083700440528636
0.30303030303030304 0.30263157894736836
0.31313131313131315 0.29694323144104795
0.32323232323232326 0.2913043478260869
0.33333333333333337 0.2857142857142857
0.3434343434343435 0.2801724137931035
0.3535353535353536 0.2746781115879827
0.36363636363636365 0.26923076923076905
0.37373737373737376 0.26382978723404255
0.38383838383838387 0.2584745762711864
0.393939393939394 0.2531645569620253
0.4040404040404041 0.24789915966386547
0.4141414141414142 0.2426778242632548
0.42424242424242425 0.2374999999999999
0.43434343434343436 0.23236514522821575
0.4444444444444445 0.22727272727272718
0.4545454545454546 0.22222222222222204
0.4646464646464647 0.21721311470244753
0.4747474747474748 0.21224489795918366
0.48484848484848486 0.20731707317073161
0.494949494949495 0.20242914979757087
0.5050505050505051 0.19758064516129029
0.5151515151515152 0.19277108433734924
0.5252525252525253 0.18800000000000006
0.5353535353535354 0.1832669322709163
0.5454545454545455 0.17857142857142858
0.5555555555555556 0.17391304347825753
0.5656565656565657 0.16929133858267725
0.5757575757575758 0.1647058823529412
0.5858585858585859 0.16015624999999986
0.595959595959596 0.15564202334630348
0.6060606060606061 0.15116279069767435
0.6161616161616162 0.14671814671814665
0.6262626262626263 0.1423076923003038
0.6363636363636365 0.13793103448275842
0.6464646464646465 0.13358778625901824
0.6565656565656566 0.12927756653119066
0.6666666666666667 0.12499999999901815
0.6767676767676768 0.12075471698113208
0.686868686868687 0.1165413533511645
0.696969696969697 0.11235955056179778
0.7070707070707072 0.10820895522388047
0.7171717171717172 0.10408921933085497
0.7272727272727273 0.09999999999999994
0.7373737373737375 0.09594095939149476
0.7474747474747475 0.09191176469500192
0.7575757575757577 0.08791208790259558
0.7676767676767677 0.08394160583045122
0.7777777777777778 0.07999999999999996
0.787878787878788 0.07608695650143922
0.797979797979798 0.0722021660649819
0.8080808080808082 0.06834532374100714
0.8181818181818182 0.06451612898209426
0.8282828282828284 0.060714285714285623
0.8383838383838385 0.05693950176403955
0.8484848484848485 0.053191489338271114
0.8585858585858587 0.049469964623043206
0.8686868686868687 0.04577464785687787
0.8787878787878789 0.04210526314135561
0.888888888888889 0.038461538440754575
0.8989898989898991 0.03484320557491284
0.9090909090909092 0.03124999999790083
0.9191919191919192 0.02768166089965395
0.9292929292929294 0.02413793089931221
0.9393939393939394 0.020618556693069497
0.9494949494949496 0.017123287660925038
0.9595959595959597 0.013651877133000253
0.9696969696969697 0.010204081453812724
0.9797979797979799 0.006779660988097902
0.98989898989899 0.0033783782115084653
1.0 0.0
