0.0 0.09999999992593997
0.010101010101010102 0.09859462158948173
0.020202020202020204 0.09720571460589245
0.030303030303030304 0.09583172372247116
0.04040404040404041 0.09447112769970865
0.05050505050505051 0.0931224380393722
0.06060606060606061 0.09178419798899803
0.07070707070707072 0.09045498186774306
0.08080808080808081 0.08913339501139159
0.09090909090909091 0.08781807339076574
0.10101010101010102 0.08650768460080727
0.11111111111111112 0.08520092849362682
0.12121212121212122 0.08389653851901252
0.13131313131313133 0.0825932834365211
0.14141414141414144 0.0812899694486515
0.15151515151515152 0.07998544281279087
0.16161616161616163 0.07867859279691457
0.17171717171717174 0.07736835518480159
0.18181818181818182 0.07605371611818271
0.19191919191919193 0.0747337138517974
0.20202020202020204 0.07340745729795728
0.21212121212121213 0.07207410296192374
0.22222222222222224 0.07073288903824723
0.23232323232323235 0.06938312688199375
0.24242424242424243 0.06802420867201953
0.25252525252525254 0.0666556208658276
0.26262626262626265 0.06527693660219773
0.27272727272727276 0.06388783624935089
0.2828282828282829 0.06248810778533505
0.29292929292929293 0.06107765326291842
0.30303030303030304 0.059656496662321895
0.31313131313131315 0.05822478858499615
0.32323232323232326 0.056782812362675614
0.33333333333333337 0.05533098849548697
0.3434343434343435 0.05386987882636622
0.3535353535353536 0.05240018927510685
0.36363636363636365 0.050922771954613304
0.37373737373737376 0.04943862561893256
0.38383838383838387 0.04794889555515627
0.393939393939394 0.04645487010446914
0.4040404040404041 0.04495797799508596
0.4141414141414142 0.04345978217244327
0.42424242424242425 0.04196197259296364
0.43434343434343436 0.04046635271582245
0.4444444444444445 0.03897485079691317
0.4545454545454546 0.03748946308815447
0.4646464646464647 0.03601228397853829
0.4747474747474748 0.034545468325557306
0.48484848484848486 0.03309121903228955
0.494949494949495 0.031651769035837475
0.5050505050505051 0.03022936284425443
0.5151515151515152 0.028826237151644753
0.5252525252525253 0.027444601283777063
0.5353535353535354 0.026086618485202002
0.5454545454545455 0.024754385893881847
0.5555555555555556 0.023449917394717277
0.5656565656565657 0.02217512603536718
0.5757575757575758 0.020931807721313037
0.5858585858585859 0.019721627962591595
0.595959595959596 0.018546108008986442
0.6060606060606061 0.01740661533609375
0.6161616161616162 0.01630435431736521
0.6262626262626263 0.015240360858296808
0.6363636363636365 0.014215494345592734
0.6464646464646465 0.013230447812398315
0.6565656565656566 0.012285726289896126
0.6666666666666667 0.011381669187341853
0.6767676767676768 0.010518444567886856
0.686868686868687 0.009696056385139202
0.696969696969697 0.008914351578990787
0.7070707070707072 0.0081730110274337
0.7171717171717172 0.007471632095032149
0.7272727272727273 0.006809622479692329
0.7373737373737375 0.006186304448000227
0.7474747474747475 0.005600855643281487
0.7575757575757577 0.005052419304830887
0.7676767676767677 0.004539978732943175
0.7777777777777778 0.004062561479945903
0.787878787878788 0.0036189963876812788
0.797979797979798 0.0032081499270927515
0.8080808080808082 0.0028288273612018886
0.8181818181818182 0.0024797046937149016
0.8282828282828284 0.002159840625962464
0.8383838383838385 0.0018674920140960387
0.8484848484848485 0.001602052595025254
0.8585858585858587 0.0013616989993919673
0.8686868686868687 0.0011454260167195868
0.8787878787878789 0.0009519196769908467
0.888888888888889 0.000780062470433157
0.8989898989898991 0.0006285640646794704
0.9090909090909092 0.0004963980383385219
0.9191919191919192 0.00038232000116118043
0.9292929292929294 0.000285315219195779
0.9393939393939394 0.00020425821495438846
0.9494949494949496 0.00013825758876932155
0.9595959595959597 8.622960265614588e-05
0.9696969696969697 4.7266335093812376e-05
0.9797979797979799 2.0468776772690018e-05
0.98989898989899 0.0
1.0 0.0
