0.0 0.09999999999999984
0.010101010101010102 0.09859471483333034
0.020202020202020204 0.09720646465088445
0.030303030303030304 0.09583426860753017
0.04040404040404041 0.09447719180432641
0.05050505050505051 0.09313434347708595
0.06060606060606061 0.09180487571802803
0.07070707070707072 0.09048798166553942
0.08080808080808081 0.08918289433180196
0.09090909090909091 0.08788888559059592
0.10101010101010102 0.08660526490751234
0.11111111111111112 0.08533137834388554
0.12121212121212122 0.0840666077187577
0.13131313131313133 0.0828103697414601
0.14141414141414144 0.08156211509673267
0.15151515151515152 0.08032132797530345
0.16161616161616163 0.07908752526301854
0.17171717171717174 0.07786025594734813
0.18181818181818182 0.07663910059936033
0.19191919191919193 0.0754236708346915
0.20202020202020204 0.07421360874837918
0.21212121212121213 0.07300858652619023
0.22222222222222224 0.07180830593611554
0.23232323232323235 0.07061249793087006
0.24242424242424243 0.06942092214246134
0.25252525252525254 0.06823336645822078
0.26262626262626265 0.06704964680824138
0.27272727272727276 0.06586960628878129
0.2828282828282829 0.06469311507800851
0.29292929292929293 0.06352006986625136
0.30303030303030304 0.06235039333629465
0.31313131313131315 0.061184033666632415
0.32323232323232326 0.06002096411739737
0.33333333333333337 0.058861182173736065
0.3434343434343435 0.05770470945616506
0.3535353535353536 0.056551590572060585
0.36363636363636365 0.055401892692299594
0.37373737373737376 0.05425570494426606
0.38383838383838387 0.05311313760640518
0.393939393939394 0.05197432124283537
0.4040404040404041 0.05083940622626272
0.4141414141414142 0.04970856123151948
0.42424242424242425 0.04858197300306522
0.43434343434343436 0.047459845444250026
0.4444444444444445 0.04634239790066063
0.4545454545454546 0.04522986502019296
0.4646464646464647 0.044122495310149196
0.4747474747474748 0.04302055005382803
0.48484848484848486 0.041924302589114844
0.494949494949495 0.04083403652701288
0.5050505050505051 0.039750045369064305
0.5151515151515152 0.038672630774214116
0.5252525252525253 0.037602101741323495
0.5353535353535354 0.03653877319212205
0.5454545454545455 0.035482965208812806
0.5555555555555556 0.034435001102046295
0.5656565656565657 0.03339520696308515
0.5757575757575758 0.03236391012465616
0.5858585858585859 0.03134143806341067
0.595959595959596 0.030328117235751982
0.6060606060606061 0.02932427206319997
0.6161616161616162 0.028330223398891893
0.6262626262626263 0.02734628870005581
0.6363636363636365 0.026372778811789614
0.6464646464646465 0.025409999199901348
0.6565656565656566 0.02445824752410664
0.6666666666666667 0.023517813657450974
0.6767676767676768 0.02258897818916276
0.686868686868687 0.021672011568031696
0.696969696969697 0.020767174082423765
0.7070707070707072 0.01987471436933377
0.7171717171717172 0.018994869033061936
0.7272727272727273 0.018127862459630516
0.7373737373737375 0.01727390540159903
0.7474747474747475 0.016433195534383306
0.7575757575757577 0.015605916309149086
0.7676767676767677 0.014792236849029588
0.7777777777777778 0.013992311654441598
0.787878787878788 0.013206280655792286
0.797979797979798 0.012434268574046527
0.8080808080808082 0.011676385065124816
0.8181818181818182 0.01093272473831454
0.8282828282828284 0.010203367050886336
0.8383838383838385 0.009488376420335377
0.8484848484848485 0.008787802290709738
0.8585858585858587 0.008101679264455009
0.8686868686868687 0.007430027653668616
0.8787878787878789 0.0067728529733465555
0.888888888888889 0.0061301470038814115
0.8989898989898991 0.005501887831294844
0.9090909090909092 0.004888039848465043
0.9191919191919192 0.004288554962673448
0.9292929292929294 0.003703372004486816
0.9393939393939394 0.003132417974742881
0.9494949494949496 0.002575608124318776
0.9595959595959597 0.002032846534436162
0.9696969696969697 0.0015040265432430524
0.9797979797979799 0.0009890313075498372
0.98989898989899 0.00048773435631384527
1.0 0.0
