0.0 0.0999999999998134
0.010101010101010102 0.09756017617963
0.020202020202020204 0.0950897351019985
0.030303030303030304 0.09258954147434303
0.04040404040404041 0.0900605227526741
0.05050505050505051 0.08750367012967958
0.06060606060606061 0.08492003960478979
0.07070707070707072 0.08231075246301879
0.08080808080808081 0.07967699625756207
0.09090909090909091 0.07702002520629922
0.10101010101010102 0.07434116059261592
0.11111111111111112 0.07164179089778243
0.12121212121212122 0.0689233725535324
0.13131313131313133 0.06618742869752667
0.14141414141414144 0.0634355498235788
0.15151515151515152 0.06066939320073182
0.16161616161616163 0.05789068214807949
0.17171717171717174 0.055101204291696626
0.18181818181818182 0.05230281312734837
0.19191919191919193 0.0494974291137834
0.20202020202020204 0.04668702377783015
0.21212121212121213 0.04387363764470849
0.22222222222222224 0.04105936722336516
0.23232323232323235 0.03824636546313863
0.24242424242424243 0.03543683954767731
0.25252525252525254 0.032633047957060235
0.26262626262626265 0.029837301112167716
0.27272727272727276 0.02705195204203155
0.2828282828282829 0.024279399836484136
0.29292929292929293 0.02152208360716711
0.30303030303030304 0.01878247958423207
0.31313131313131315 0.01606309771704713
0.32323232323232326 0.013366478097904831
0.33333333333333337 0.01069518714918814
0.3434343434343435 0.008051813891553537
0.3535353535353536 0.005438965753640403
0.36363636363636365 0.0028592632749890948
0.37373737373737376 0.0
