0.0 0.5
0.010101010101010102 0.4866220735785951
0.020202020202020204 0.473421926910299
0.030303030303030304 0.46039603960396036
0.04040404040404041 0.4475409836065575
0.05050505050505051 0.4348534201954397
0.06060606060606061 0.4223300970873786
0.07070707070707072 0.4099678456591637
0.08080808080808081 0.3977635782747604
0.09090909090909091 0.3857142857142857
0.10101010101010102 0.37381703470031563
0.11111111111111112 0.3620689655172414
0.12121212121212122 0.3504672897196261
0.13131313131313133 0.3390092879256967
0.14141414141414144 0.3276923076923077
0.15151515151515152 0.3165137614678899
0.16161616161616163 0.3054711246200607
0.17171717171717174 0.29456193353474314
0.18181818181818182 0.2837837837837837
0.19191919191919193 0.2731343283582088
0.20202020202020204 0.2626112759643916
0.21212121212121213 0.25221238938053087
0.22222222222222224 0.24193548387096778
0.23232323232323235 0.23177842565597673
0.24242424242424243 0.22173913043478255
0.25252525252525254 0.21181556195965406
0.26262626262626265 0.20200573065902563
0.27272727272727276 0.19230769230769226
0.2828282828282829 0.18271954674220947
0.29292929292929293 0.17323943661971825
0.30303030303030304 0.16386554621848742
0.31313131313131315 0.15459610027855142
0.32323232323232326 0.14542936288088631
0.33333333333333337 0.1363636363636363
0.3434343434343435 0.1273972602739597
0.3535353535353536 0.11852861035379543
0.36363636363636365 0.1097560975608258
0.37373737373737376 0.1010781670816603
0.38383838383838387 0.09249329758713128
0.393939393939394 0.08399999999999991
0.4040404040404041 0.0755968169761273
0.4141414141414142 0.06728232189283836
0.42424242424242425 0.059055117924083134
0.43434343434343436 0.05091383810024638
0.4444444444444445 0.04285714282911931
0.4545454545454546 0.034883720751686415
0.4646464646464647 0.02699228791773775
0.4747474747474748 0.019181585586614834
0.48484848484848486 0.011450381590127217
0.494949494949495 0.0037974683386984565
0.5050505050505051 0.0