0.0 0.09999999999996659
0.010101010101010102 0.09756008400570329
0.020202020202020204 0.09508900302687946
0.030303030303030304 0.0925870910241672
0.04040404040404041 0.09005476805833093
0.05050505050505051 0.08749254714107849
0.06060606060606061 0.08490104121205566
0.07070707070707072 0.08228096994849676
0.08080808080808081 0.0796331696639109
0.09090909090909091 0.07695859615693289
0.10101010101010102 0.07425833769315113
0.11111111111111112 0.07153361962467543
0.12121212121212122 0.06878581386434499
0.13131313131313133 0.06601644625389796
0.14141414141414144 0.06322720437490761
0.15151515151515152 0.06041994579009215
0.16161616161616163 0.0575967040897155
0.17171717171717174 0.05475969699069151
0.18181818181818182 0.051911332251877204
0.19191919191919193 0.049054211946798265
0.20202020202020204 0.04619114314582683
0.21212121212121213 0.04332513075192739
0.22222222222222224 0.04045939047225468
0.23232323232323235 0.037597345476035264
0.24242424242424243 0.03474262661828756
0.25252525252525254 0.031899070497815867
0.26262626262626265 0.029070716068649263
0.27272727272727276 0.026261797291752195
0.2828282828282829 0.02347673596211134
0.29292929292929293 0.02072013020180117
0.30303030303030304 0.017996741189148055
0.31313131313131315 0.015311476582827136
0.32323232323232326 0.012669371566452401
0.33333333333333337 0.010075566748748696
0.3434343434343435 0.0075352829517271215
0.3535353535353536 0.005053793405886872
0.36363636363636365 0.0026363927456636584
0.37373737373737376 0.0