0.0 0.4999999999999998
0.010101010101010102 0.486572257293977
0.020202020202020204 0.4732274299017427
0.030303030303030304 0.459969088098918
0.04040404040404041 0.44680081314819275
0.05050505050505051 0.4337261950022466
0.06060606060606061 0.4207488299531983
0.07070707070707072 0.40787231823080333
0.08080808080808081 0.3951002615518745
0.09090909090909091 0.3824362606232294
0.10101010101010102 0.3698839126012697
0.11111111111111112 0.3574468085106382
0.12121212121212122 0.34512853062519827
0.13131313131313133 0.33293264981438925
0.14141414141414144 0.32086272285825684
0.15151515151515152 0.30892228973456964
0.16161616161616163 0.29711487081298676
0.17171717171717174 0.2854439644400015
0.18181818181818182 0.27391304347826073
0.19191919191919193 0.2625255532044616
0.20202020202020204 0.2512849081695
0.21212121212121213 0.24019448946515382
0.22222222222222224 0.2292576419213973
0.23232323232323235 0.21847767130717777
0.24242424242424243 0.20785784153896303
0.25252525252525254 0.19740137190142626
0.26262626262626265 0.1871114342846755
0.27272727272727276 0.17699115044247782
0.2828282828282829 0.16704358927594368
0.29292929292929293 0.15727176413819102
0.30303030303030304 0.1476786302271979
0.31313131313131315 0.13826708188312864
0.32323232323232326 0.12903995010822103
0.33333333333333337 0.11999999999999986
0.3434343434343435 0.1111499282887162
0.3535353535353536 0.10249236093215038
0.36363636363636365 0.09402985074626853
0.37373737373737376 0.08576487513371954
0.38383838383838387 0.0776998338344925
0.393939393939394 0.06983704689058859
0.4040404040404041 0.06217875235735662
0.4141414141414142 0.05472710451716316
0.42424242424242425 0.047484171913789175
0.43434343434343436 0.04045193554361916
0.4444444444444445 0.03363228699551571
0.4545454545454546 0.027027026964526066
0.4646464646464647 0.02063786368017452
0.4747474747474748 0.014466411873600264
0.48484848484848486 0.008514190271961312
0.494949494949495 0.0027826215560943675
0.5050505050505051 0.0