0.0 0.5
0.010101010101010102 0.48657174901711153
0.020202020202020204 0.47322342133563833
0.030303030303030304 0.45995575862368754
0.04040404040404041 0.44676970178542874
0.05050505050505051 0.4336663998850032
0.06060606060606061 0.42064721923142706
0.07070707070707072 0.40771375257522396
0.08080808080808081 0.3948678283589835
0.09090909090909091 0.38211151995471265
0.10101010101010102 0.3694471548107437
0.11111111111111112 0.35687732341945155
0.12121212121212122 0.34440488801039626
0.13131313131313133 0.3320329908437576
0.14141414141414144 0.3197650620006354
0.15151515151515152 0.3076048265116968
0.16161616161616163 0.29555631068002597
0.17171717171717174 0.28362384743607644
0.18181818181818182 0.27181208053691275
0.19191919191919193 0.260125967421177
0.20202020202020204 0.24857078051158019
0.21212121212121213 0.23715210674675952
0.22222222222222224 0.22587584511370618
0.23232323232323235 0.21474820194352373
0.24242424242424243 0.20377568372735283
0.25252525252525254 0.19296508720647304
0.26262626262626265 0.18232348649151
0.27272727272727276 0.17185821697099898
0.2828282828282829 0.16157685577996744
0.29292929292929293 0.15148719861537627
0.30303030303030304 0.14159723270719848
0.31313131313131315 0.13191510578878834
0.32323232323232326 0.12244909092892914
0.33333333333333337 0.11320754716981127
0.3434343434343435 0.10419887592238894
0.3535353535353536 0.09543147316873563
0.36363636363636365 0.08691367755451482
0.37373737373737376 0.07865371463632459
0.38383838383838387 0.07065963746167016
0.393939393939394 0.06293926357473925
0.4040404040404041 0.05550010992779431
0.4141414141414142 0.048349324168582244
0.42424242424242425 0.041493616956061956
0.43434343434343436 0.03493918828266096
0.4444444444444445 0.028691660196093635
0.4545454545454546 0.02275600505688999
0.4646464646464647 0.017136477698380087
0.4747474747474748 0.011836550539700503
0.48484848484848486 0.00685885161452713
0.494949494949495 0.002205107847184594
0.5050505050505051 0.0