0.0 0.5
0.010101010101010102 0.49241129772302317
0.020202020202020204 0.4847959621628054
0.030303030303030304 0.4771529254157325
0.04040404040404041 0.4694811900879305
0.05050505050505051 0.46177983807927897
0.06060606060606061 0.45404803999268406
0.07070707070707072 0.44628506518143407
0.08080808080808081 0.43849029244285015
0.09090909090909091 0.43066322135737245
0.10101010101010102 0.42280348429380926
0.11111111111111112 0.4149108589951378
0.12121212121212122 0.4069852818476124
0.13131313131313133 0.3990268616791025
0.14141414141414144 0.39103589411833606
0.15151515151515152 0.38301287636561426
0.16161616161616163 0.374958522795085
0.17171717171717174 0.3668737798443258
0.18181818181818182 0.35875984251968496
0.19191919191919193 0.35061816996489703
0.20202020202020204 0.34245050141067335
0.21212121212121213 0.3342588718572896
0.22222222222222224 0.3260456273764256
0.23232323232323235 0.3178134398271696
0.24242424242424243 0.30956532075920284
0.25252525252525254 0.3013046342547912
0.26262626262626265 0.2930351084408501
0.27272727272727276 0.28476084538068386
0.2828282828282829 0.27648632906346704
0.29292929292929293 0.26821643111060367
0.30303030303030304 0.25995641398171093
0.31313131313131315 0.25171193124416613
0.32323232323232326 0.24348902464496255
0.33333333333333337 0.23529411764705874
0.3434343434343435 0.22713400513444834
0.3535353535353536 0.21901583901319885
0.36363636363636365 0.21094710947109468
0.37373737373737376 0.2029356217036415
0.38383838383838387 0.19498946796922512
0.393939393939394 0.18711699490106187
0.4040404040404041 0.17932676607749426
0.4141414141414142 0.1716275199364825
0.42424242424242425 0.16402812320582927
0.43434343434343436 0.15653752012250882
0.4444444444444445 0.14916467780429593
0.4545454545454546 0.14191852825229956
0.4646464646464647 0.13480790753773214
0.4747474747474748 0.12784149284182922
0.48484848484848486 0.12102773808937276
0.494949494949495 0.1143748089715308
0.5050505050505051 0.1078905183924405
0.5151515151515152 0.10158226278458399
0.5252525252525253 0.09545696089366563
0.5353535353535354 0.08952099608387032
0.5454545454545455 0.08378016085790843
0.5555555555555556 0.07823960795825158
0.5656565656565657 0.07290381028705975
0.5757575757575758 0.06777651488422692
0.5858585858585859 0.06286072338034746
0.595959595959596 0.058158660460652434
0.6060606060606061 0.05367176427670181
0.6161616161616162 0.049400677377709146
0.6262626262626263 0.04534524762101194
0.6363636363636365 0.04150453770679122
0.6464646464646465 0.03787684701983743
0.6565656565656566 0.034459720603343465
0.6666666666666667 0.031249999999999997
0.6767676767676768 0.02824384356897425
0.686868686868687 0.025436782364315187
0.696969696969697 0.02282375496416672
0.7070707070707072 0.020399167602235382
0.7171717171717172 0.01815694441916968
0.7272727272727273 0.01609058375065516
0.7373737373737375 0.014193217037674677
0.7474747474747475 0.012457663814129803
0.7575757575757577 0.01087649198223698
0.7676767676767677 0.009442073963570566
0.7777777777777778 0.008146639428703436
0.787878787878788 0.006982330311967351
0.797979797979798 0.005941249946627437
0.8080808080808082 0.005015508651550809
0.8181818181818182 0.004197271419715727
0.8282828282828284 0.0034787911048788124
0.8383838383838385 0.0028524511109874803
0.8484848484848485 0.0023107919780179257
0.8585858585858587 0.0018465456002796218
0.8686868686868687 0.0014526540967814809
0.8787878787878789 0.0011222950900525658
0.888888888888889 0.0008488963367846702
0.8989898989898991 0.0006261513350149504
0.9090909090909092 0.00044802867330542904
0.9191919191919192 0.00030878083405401046
0.9292929292929294 0.00020294781072777837
0.9393939393939394 0.00012536433522860685
0.9494949494949496 7.115093638869108e-05
0.9595959595959597 3.572148917061745e-05
0.9696969696969697 1.477497416799526e-05
0.9797979797979799 4.291472308978408e-06
0.98989898989899 5.257930783152218e-07
1.0 0.0
