0.0 0.4999999999999998
0.010101010101010102 0.4923613247205989
0.020202020202020204 0.4846003296250516
0.030303030303030304 0.47672253258845443
0.04040404040404041 0.4687337696063155
0.05050505050505051 0.4606401835053696
0.06060606060606061 0.4524482109227873
0.07070707070707072 0.44416456759026024
0.08080808080808081 0.4357962319755813
0.09090909090909091 0.4273504272560705
0.10101010101010102 0.41883460236886627
0.11111111111111112 0.41025641025641035
0.12121212121212122 0.401623686723973
0.13131313131313133 0.392944426734672
0.14141414141414144 0.38422676026377367
0.15151515151515152 0.3754789272030651
0.16161616161616163 0.3667092515703183
0.17171717171717174 0.35792611519216433
0.18181818181818182 0.34913793103448265
0.19191919191919193 0.3403531163582217
0.20202020202020204 0.3315800658803528
0.21212121212121213 0.3228271250322263
0.22222222222222224 0.3141025641025641
0.23232323232323235 0.305414551607445
0.24242424242424243 0.2967711301044633
0.25252525252525254 0.28818019155878327
0.26262626262626265 0.27964945424013427
0.27272727272727276 0.2711864406779661
0.2828282828282829 0.26279845688666453
0.29292929292929293 0.25449257297184996
0.30303030303030304 0.24627560521415268
0.31313131313131315 0.23815409971157808
0.32323232323232326 0.2301343176458525
0.33333333333333337 0.2222222222222223
0.3434343434343435 0.21442346731628084
0.3535353535353536 0.20674338784575005
0.36363636363636365 0.19918699186944652
0.37373737373737376 0.19175895440274546
0.38383838383838387 0.18446361291447472
0.393939393939394 0.17730496453541855
0.4040404040404041 0.17028666470991094
0.4141414141414142 0.16341202758672335
0.42424242424242425 0.1566840277777778
0.43434343434343436 0.15010530346544054
0.4444444444444445 0.14367816091954022
0.4545454545454546 0.13740458015267176
0.4646464646464647 0.13128622172368626
0.4747474747474748 0.12532443455691492
0.48484848484848486 0.11952026468155497
0.494949494949495 0.11387446479001546
0.5050505050505051 0.10838750451426503
0.5151515151515152 0.10305958132045082
0.5252525252525253 0.09789063192413189
0.5353535353535354 0.09288034413133169
0.5454545454545455 0.0880281690140845
0.5555555555555556 0.08333333318051228
0.5656565656565657 0.07879485109350799
0.5757575757575758 0.07441154134537366
0.5858585858585859 0.07018203072812185
0.595959595959596 0.06610477607007095
0.6060606060606061 0.062178071838764226
0.6161616161616162 0.058400064685073236
0.6262626262626263 0.05476876300208029
0.6363636363636365 0.05128205128205062
0.6464646464646465 0.04793770055568599
0.6565656565656566 0.04473337976896422
0.6666666666666667 0.04166666472429044
0.6767676767676768 0.03873505813481993
0.686868686868687 0.035935980568788974
0.696969696969697 0.03326679973386374
0.7070707070707072 0.030724826972988683
0.7171717171717172 0.028307336799537675
0.7272727272727273 0.026011556460058583
0.7373737373737375 0.023834708412663844
0.7474747474747475 0.021773968501936195
0.7575757575757577 0.019826517426706505
0.7676767676767677 0.017989522802134048
0.7777777777777778 0.01626016260118083
0.787878787878788 0.01463560334396639
0.797979797979798 0.013113034342565848
0.8080808080808082 0.011689657356903985
0.8181818181818182 0.010362692527192224
0.8282828282828284 0.009129388559742373
0.8383838383838385 0.007987020549972294
0.8484848484848485 0.0069328895773715015
0.8585858585858587 0.005964335699218097
0.8686868686868687 0.0050787353205543
0.8787878787878789 0.0042735037509358306
0.888888888888889 0.00354609226544691
0.8989898989898991 0.0028940181490653034
0.9090909090909092 0.002314812360718291
0.9191919191919192 0.0018060728718993107
0.9292929292929294 0.0013654349817408778
0.9393939393939394 0.0009905893996800148
0.9494949494949496 0.000679273990152191
0.9595959595959597 0.00042927665789268616
0.9696969696969697 0.00023843586052064641
0.9797979797979799 0.00010464079280969656
0.98989898989899 2.5831779079396394e-05
1.0 0.0
