0.0 0.5
0.010101010101010102 0.4949494949494949
0.020202020202020204 0.48989898989898983
0.030303030303030304 0.4848484848484848
0.04040404040404041 0.47979797966649684
0.05050505050505051 0.4747474747474748
0.06060606060606061 0.4696969696969696
0.07070707070707072 0.46464646464646464
0.08080808080808081 0.4595959595959595
0.09090909090909091 0.45454545454545453
0.10101010101010102 0.4494949494949494
0.11111111111111112 0.4444444444444442
0.12121212121212122 0.43939393939393945
0.13131313131313133 0.43434343434343425
0.14141414141414144 0.4292929292929291
0.15151515151515152 0.4242424242424242
0.16161616161616163 0.419191919191919
0.17171717171717174 0.4141414141414138
0.18181818181818182 0.40909090909090906
0.19191919191919193 0.40404040402623925
0.20202020202020204 0.3989898989898989
0.21212121212121213 0.3939393939393939
0.22222222222222224 0.38888888888888884
0.23232323232323235 0.38383838383838376
0.24242424242424243 0.3787878787878787
0.25252525252525254 0.3737373737373737
0.26262626262626265 0.36868686868686873
0.27272727272727276 0.3636363636363636
0.2828282828282829 0.35858585858585845
0.29292929292929293 0.3535353535353535
0.30303030303030304 0.3484848484226362
0.31313131313131315 0.34343434343434337
0.32323232323232326 0.33838383838383834
0.33333333333333337 0.33333333333333326
0.3434343434343435 0.32828282828282823
0.3535353535353536 0.32323232323232326
0.36363636363636365 0.31818181818181807
0.37373737373737376 0.31313131313131315
0.38383838383838387 0.30808080808080807
0.393939393939394 0.30303030303030304
0.4040404040404041 0.2979797979797979
0.4141414141414142 0.2929292929292929
0.42424242424242425 0.28787878787878785
0.43434343434343436 0.2828282828282828
0.4444444444444445 0.2777777777777778
0.4545454545454546 0.27272727272727265
0.4646464646464647 0.2676767676767677
0.4747474747474748 0.26262626262626254
0.48484848484848486 0.25757575757575757
0.494949494949495 0.2525252525252525
0.5050505050505051 0.24747474747474726
0.5151515151515152 0.24242424242424226
0.5252525252525253 0.23737373737373738
0.5353535353535354 0.23232323232323224
0.5454545454545455 0.22727272727272735
0.5555555555555556 0.22222222222222218
0.5656565656565657 0.21717171717171707
0.5757575757575758 0.21212121212121215
0.5858585858585859 0.20707070707070702
0.595959595959596 0.20202020202020204
0.6060606060606061 0.19696969696969702
0.6161616161616162 0.19191919191919193
0.6262626262626263 0.18686868686868685
0.6363636363636365 0.18181818181818174
0.6464646464646465 0.17676767676767674
0.6565656565656566 0.17171717171717174
0.6666666666666667 0.16666666666666657
0.6767676767676768 0.1616161616161616
0.686868686868687 0.1565656565656566
0.696969696969697 0.15151515151515157
0.7070707070707072 0.1464646464646464
0.7171717171717172 0.14141414141414133
0.7272727272727273 0.13636363636363633
0.7373737373737375 0.13131313131313127
0.7474747474747475 0.1262626262626263
0.7575757575757577 0.12121212118998848
0.7676767676767677 0.11616161616161609
0.7777777777777778 0.11111111111111109
0.787878787878788 0.10606060606060606
0.797979797979798 0.10101010101010094
0.8080808080808082 0.0959595959595959
0.8181818181818182 0.09090909090909087
0.8282828282828284 0.08585858585858581
0.8383838383838385 0.0808080808080807
0.8484848484848485 0.07575757575757568
0.8585858585858587 0.07070707070707068
0.8686868686868687 0.06565656565656565
0.8787878787878789 0.06060606060606056
0.888888888888889 0.05555555555555552
0.8989898989898991 0.050505050505050435
0.9090909090909092 0.0454545454545454
0.9191919191919192 0.04040404040404037
0.9292929292929294 0.035353535353535304
0.9393939393939394 0.030303030303030283
0.9494949494949496 0.025252525252140234
0.9595959595959597 0.020202020202020166
0.9696969696969697 0.015151515151515138
0.9797979797979799 0.010101010101010053
0.98989898989899 0.005050505050505027
1.0 0.0
