0.0 0.1639344262295082
0.010101010101010102 0.16002501808803676
0.020202020202020204 0.1569402681672681
0.030303030303030304 0.1543100758951182
0.04040404040404041 0.15197572567787682
0.05050505050505051 0.14985555530001748
0.06060606060606061 0.1479009023779219
0.07070707070707072 0.14607981735308706
0.08080808080808081 0.14436987201701784
0.09090909090909091 0.14275453659763174
0.10101010101010102 0.14122117087420766
0.11111111111111112 0.13975982557129574
0.12121212121212122 0.1383624857091137
0.13131313131313133 0.1370225704298467
0.14141414141414144 0.13573458899255145
0.15151515151515152 0.13449389866314257
0.16161616161616163 0.13329652752899937
0.17171717171717174 0.13213904332158993
0.18181818181818182 0.1310184538547257
0.19191919191919193 0.12993213009378218
0.20202020202020204 0.12887774612978606
0.21212121212121213 0.12785323136365573
0.22222222222222224 0.12685673216003057
0.23232323232323235 0.12588658068101732
0.24242424242424243 0.12494126939490569
0.25252525252525254 0.12401942977404118
0.26262626262626265 0.1231198149387279
0.27272727272727276 0.1222412844584323
0.2828282828282829 0.12138279211369782
0.29292929292929293 0.12054337507459535
0.30303030303030304 0.1197221447529545
0.31313131313131315 0.11891827893007344
0.32323232323232326 0.11813101492013685
0.33333333333333337 0.11735964363220827
0.3434343434343435 0.11660350437769496
0.3535353535353536 0.11586198031818187
0.36363636363636365 0.11513449445050218
0.37373737373737376 0.11442050606203058
0.38383838383838387 0.11371950758366084
0.393939393939394 0.11303102178837426
0.4040404040404041 0.11235459928566899
0.4141414141414142 0.11168981628038092
0.42424242424242425 0.11103627266597346
0.43434343434343436 0.11039358993923959
0.4444444444444445 0.10976140987670188
0.4545454545454546 0.10913939289081494
0.4646464646464647 0.10852721672477815
0.4747474747474748 0.10792457522969284
0.48484848484848486 0.10733117726883616
0.494949494949495 0.10674674568321345
0.5050505050505051 0.10617101638336626
0.5151515151515152 0.1056037375005054
0.5252525252525253 0.10504466860404575
0.5353535353535354 0.10449357999262572
0.5454545454545455 0.10395025201041497
0.5555555555555556 0.10341447446779584
0.5656565656565657 0.10288604612935877
0.5757575757575758 0.10236477404748015
0.5858585858585859 0.1018504732409954
0.595959595959596 0.10134296616550346
0.6060606060606061 0.10084208232944154
0.6161616161616162 0.10034765788393701
0.6262626262626263 0.0998595353204739
0.6363636363636365 0.09937756304723178
0.6464646464646465 0.09890159518636407
0.6565656565656566 0.09843149118646081
0.6666666666666667 0.09796711561885939
0.6767676767676768 0.09750833789312606
0.686868686868687 0.0970550320285912
0.696969696969697 0.09660707642580195
0.7070707070707072 0.09616435366291803
0.7171717171717172 0.09572675029641727
0.7272727272727273 0.09529415667760333
0.7373737373737375 0.09486646677758725
0.7474747474747475 0.09444357802486082
0.7575757575757577 0.09402539115030628
0.7676767676767677 0.09361181004208277
0.7777777777777778 0.09320274160733041
0.787878787878788 0.09279809564524542
0.797979797979798 0.09239778471928975
0.8080808080808082 0.09200172404684474
0.8181818181818182 0.09160983138514261
0.8282828282828284 0.09122202692684696
0.8383838383838385 0.09083823321232498
0.8484848484848485 0.09045837501284414
0.8585858585858587 0.09008237926560585
0.8686868686868687 0.08971017497643032
0.8787878787878789 0.08934169314525003
0.888888888888889 0.08897686668351348
0.8989898989898991 0.08861563034847977
0.9090909090909092 0.08825792066970249
0.9191919191919192 0.0879036758861472
0.9292929292929294 0.08755283587932172
0.9393939393939394 0.08720534212223291
0.9494949494949496 0.08686113760977798
0.9595959595959597 0.08652016681458422
0.9696969696969697 0.08618237562821196
0.9797979797979799 0.08584771132701238
0.98989898989899 0.08551612249444349
1.0 0.0
